0 9270 643 -1 4
-608.00000000 1928.00000000 -168.00000000
-608.00000000 1928.00000000 -204.00000000
-542.68354430 1557.87341772 -204.00000000
-542.68354430 1557.87341772 -168.00000000

0 2983 644 -1 3
696.00000000 -432.00000000 184.00000000
696.00000000 -432.00000000 56.00000000
696.00000000 -368.00000000 120.00000000

0 2982 644 -1 3
696.00000000 -368.00000000 120.00000000
696.00000000 -432.00000000 56.00000000
696.00000000 -432.00000000 184.00000000

0 9320 645 -1 4
784.00000000 -320.00000000 184.00000000
784.00000000 -320.00000000 56.00000000
696.00000000 -432.00000000 56.00000000
696.00000000 -432.00000000 184.00000000

0 9321 645 -1 4
696.00000000 -432.00000000 184.00000000
696.00000000 -432.00000000 56.00000000
784.00000000 -320.00000000 56.00000000
784.00000000 -320.00000000 184.00000000

0 9304 647 -1 3
696.00000000 -368.00000000 120.00000000
784.00000000 -320.00000000 56.00000000
784.00000000 -320.00000000 184.00000000

0 9305 647 -1 3
784.00000000 -320.00000000 184.00000000
784.00000000 -320.00000000 56.00000000
696.00000000 -368.00000000 120.00000000

0 9297 644 -1 3
696.00000000 -432.00000000 184.00000000
696.00000000 -368.00000000 120.00000000
784.00000000 -320.00000000 184.00000000

0 9296 644 -1 3
784.00000000 -320.00000000 184.00000000
696.00000000 -368.00000000 120.00000000
696.00000000 -432.00000000 184.00000000

0 9289 644 -1 3
696.00000000 -368.00000000 120.00000000
696.00000000 -432.00000000 56.00000000
784.00000000 -320.00000000 56.00000000

0 9288 644 -1 3
784.00000000 -320.00000000 56.00000000
696.00000000 -432.00000000 56.00000000
696.00000000 -368.00000000 120.00000000

0 9272 641 -1 3
208.00000000 1928.00000000 216.00000000
208.00000000 1928.00000000 -208.00000000
176.00000000 1656.00000000 8.00000000

0 9273 641 -1 3
176.00000000 1656.00000000 8.00000000
208.00000000 1928.00000000 -208.00000000
208.00000000 1928.00000000 216.00000000

0 9246 641 -1 3
176.00000000 1656.00000000 8.00000000
112.00000000 1384.00000000 -208.00000000
112.00000000 1384.00000000 216.00000000

0 9271 643 -1 4
-542.68354430 1557.87341772 -168.00000000
-542.68354430 1557.87341772 -204.00000000
-608.00000000 1928.00000000 -204.00000000
-608.00000000 1928.00000000 -168.00000000

0 9317 644 -1 4
400.00000000 -504.00000000 56.00000000
304.00000000 -152.00000000 56.00000000
304.40000000 -154.30000000 57.00000000
399.20000000 -501.90000000 57.00000000

0 9546 651 -1 3
-1488.00000000 1744.00000000 72.00000000
-1488.00000000 1744.00000000 -56.00000000
-1576.00000000 1640.00000000 8.00000000

0 9547 651 -1 3
-1576.00000000 1640.00000000 8.00000000
-1488.00000000 1744.00000000 -56.00000000
-1488.00000000 1744.00000000 72.00000000

0 9326 644 -1 3
696.00000000 -432.00000000 56.00000000
696.00000000 -368.00000000 120.00000000
600.00000000 -320.00000000 56.00000000

0 9327 644 -1 3
600.00000000 -320.00000000 56.00000000
696.00000000 -368.00000000 120.00000000
696.00000000 -432.00000000 56.00000000

0 9336 644 -1 3
600.00000000 -320.00000000 184.00000000
696.00000000 -368.00000000 120.00000000
696.00000000 -432.00000000 184.00000000

0 9337 644 -1 3
696.00000000 -432.00000000 184.00000000
696.00000000 -368.00000000 120.00000000
600.00000000 -320.00000000 184.00000000

0 9299 645 -1 4
600.00000000 -320.00000000 165.00000000
600.00000000 -320.00000000 167.00000000
608.00000000 -329.33333333 167.00000000
608.00000000 -329.33333333 165.00000000

0 9298 645 -1 4
608.00000000 -329.33333333 165.00000000
608.00000000 -329.33333333 167.00000000
600.00000000 -320.00000000 167.00000000
600.00000000 -320.00000000 165.00000000

0 9299 645 -1 4
610.00000000 -331.66666667 56.00000000
600.00000000 -320.00000000 56.00000000
600.00000000 -320.00000000 165.00000000
610.00000000 -331.66666667 165.00000000

0 9819 658 -1 4
-900.00000000 -542.00000000 56.00000000
-683.61490507 -167.06545764 56.00000000
-683.61490507 -167.06545764 216.00000000
-900.00000000 -542.00000000 216.00000000

0 9818 658 -1 4
-900.00000000 -542.00000000 216.00000000
-683.61490507 -167.06545764 216.00000000
-683.61490507 -167.06545764 56.00000000
-900.00000000 -542.00000000 56.00000000

0 9829 660 -1 4
-897.00000000 -544.00000000 56.00000000
-900.00000000 -542.00000000 56.00000000
-900.00000000 -542.00000000 216.00000000
-897.00000000 -544.00000000 216.00000000

0 9247 641 -1 3
112.00000000 1384.00000000 216.00000000
112.00000000 1384.00000000 -208.00000000
176.00000000 1656.00000000 8.00000000

0 9828 660 -1 4
-897.00000000 -544.00000000 216.00000000
-900.00000000 -542.00000000 216.00000000
-900.00000000 -542.00000000 56.00000000
-897.00000000 -544.00000000 56.00000000

0 9525 649 -1 3
-1576.00000000 1640.00000000 8.00000000
-1672.00000000 1552.00000000 -56.00000000
-1672.00000000 1552.00000000 72.00000000

0 9524 649 -1 3
-1672.00000000 1552.00000000 72.00000000
-1672.00000000 1552.00000000 -56.00000000
-1576.00000000 1640.00000000 8.00000000

0 9863 670 -1 4
-192.00000000 -952.00000000 -128.00000000
-512.00000000 -400.00000000 -128.00000000
-512.00000000 -400.00000000 224.00000000
-192.00000000 -952.00000000 224.00000000

0 9862 670 -1 4
-192.00000000 -952.00000000 224.00000000
-512.00000000 -400.00000000 224.00000000
-512.00000000 -400.00000000 -128.00000000
-192.00000000 -952.00000000 -128.00000000

0 9871 671 -1 4
-510.00000000 -397.00000000 8.00000000
-510.00000000 -397.00000000 120.00000000
-512.00000000 -400.00000000 120.00000000
-512.00000000 -400.00000000 8.00000000

0 9870 671 -1 4
-512.00000000 -400.00000000 8.00000000
-512.00000000 -400.00000000 120.00000000
-510.00000000 -397.00000000 120.00000000
-510.00000000 -397.00000000 8.00000000

0 9887 674 -1 4
-190.00000000 -951.00000000 -128.00000000
-192.00000000 -952.00000000 -128.00000000
-192.00000000 -952.00000000 224.00000000
-190.00000000 -951.00000000 224.00000000

0 9886 674 -1 4
-190.00000000 -951.00000000 224.00000000
-192.00000000 -952.00000000 224.00000000
-192.00000000 -952.00000000 -128.00000000
-190.00000000 -951.00000000 -128.00000000

0 9890 675 -1 4
-508.26714801 -400.00000000 -128.00000000
-190.00000000 -951.00000000 -128.00000000
-190.00000000 -951.00000000 -0.00000000
-508.26714801 -400.00000000 0.00000000

0 9891 675 -1 4
-508.26714801 -400.00000000 0.00000000
-190.00000000 -951.00000000 -0.00000000
-190.00000000 -951.00000000 -128.00000000
-508.26714801 -400.00000000 -128.00000000

0 1594 33 -1 5
808.00000000 -432.00000000 240.00000000
776.00000000 -432.00000000 312.00000000
608.00000000 -432.00000000 312.00000000
608.00000000 -432.00000000 192.00000000
776.00000000 -432.00000000 184.00000000

0 9302 646 -1 4
-472.00000000 -176.00000000 0.00000000
-472.00000000 -176.00000000 -128.00000000
-328.00000000 -384.00000000 -128.00000000
-328.00000000 -384.00000000 0.00000000

0 9303 646 -1 4
-328.00000000 -384.00000000 0.00000000
-328.00000000 -384.00000000 -128.00000000
-472.00000000 -176.00000000 -128.00000000
-472.00000000 -176.00000000 0.00000000

0 9270 643 -1 4
-537.76842105 1530.02105263 -204.00000000
-512.00000000 1384.00000000 -204.00000000
-512.00000000 1384.00000000 -168.00000000
-537.76842105 1530.02105263 -168.00000000

0 9271 643 -1 4
-537.76842105 1530.02105263 -168.00000000
-512.00000000 1384.00000000 -168.00000000
-512.00000000 1384.00000000 -204.00000000
-537.76842105 1530.02105263 -204.00000000

0 9241 639 -1 4
112.00000000 1384.00000000 216.00000000
112.00000000 1384.00000000 -208.00000000
208.00000000 1928.00000000 -208.00000000
208.00000000 1928.00000000 216.00000000

0 9240 639 -1 4
208.00000000 1928.00000000 216.00000000
208.00000000 1928.00000000 -208.00000000
112.00000000 1384.00000000 -208.00000000
112.00000000 1384.00000000 216.00000000

0 9848 669 -1 4
-680.73788609 -169.27854916 56.00000000
-897.00000000 -544.00000000 56.00000000
-897.00000000 -544.00000000 216.00000000
-680.73788609 -169.27854916 216.00000000

0 9849 669 -1 4
-680.73788609 -169.27854916 216.00000000
-897.00000000 -544.00000000 216.00000000
-897.00000000 -544.00000000 56.00000000
-680.73788609 -169.27854916 56.00000000

0 9339 648 -1 4
-1672.00000000 1552.00000000 72.00000000
-1672.00000000 1552.00000000 -56.00000000
-1488.00000000 1744.00000000 -56.00000000
-1488.00000000 1744.00000000 72.00000000

0 9338 648 -1 4
-1488.00000000 1744.00000000 72.00000000
-1488.00000000 1744.00000000 -56.00000000
-1672.00000000 1552.00000000 -56.00000000
-1672.00000000 1552.00000000 72.00000000

0 9538 650 -1 3
-1488.00000000 1744.00000000 72.00000000
-1576.00000000 1640.00000000 8.00000000
-1672.00000000 1552.00000000 72.00000000

0 9539 650 -1 3
-1672.00000000 1552.00000000 72.00000000
-1576.00000000 1640.00000000 8.00000000
-1488.00000000 1744.00000000 72.00000000

0 9534 650 -1 3
-1672.00000000 1552.00000000 -56.00000000
-1576.00000000 1640.00000000 8.00000000
-1488.00000000 1744.00000000 -56.00000000

0 9535 650 -1 3
-1488.00000000 1744.00000000 -56.00000000
-1576.00000000 1640.00000000 8.00000000
-1672.00000000 1552.00000000 -56.00000000

0 9316 644 -1 4
399.20000000 -501.90000000 57.00000000
304.40000000 -154.30000000 57.00000000
304.00000000 -152.00000000 56.00000000
400.00000000 -504.00000000 56.00000000

0 9890 675 -1 4
-190.00000000 -951.00000000 120.00000000
-190.00000000 -951.00000000 224.00000000
-508.26714801 -400.00000000 224.00000000
-508.26714801 -400.00000000 120.00000000

0 9891 675 -1 4
-508.26714801 -400.00000000 120.00000000
-508.26714801 -400.00000000 224.00000000
-190.00000000 -951.00000000 224.00000000
-190.00000000 -951.00000000 120.00000000

0 9890 675 -1 4
-190.00000000 -951.00000000 8.00000000
-190.00000000 -951.00000000 120.00000000
-510.00000000 -397.00000000 120.00000000
-510.00000000 -397.00000000 8.00000000

0 9891 675 -1 4
-510.00000000 -397.00000000 8.00000000
-510.00000000 -397.00000000 120.00000000
-190.00000000 -951.00000000 120.00000000
-190.00000000 -951.00000000 8.00000000

0 9890 675 -1 4
-190.00000000 -951.00000000 -0.00000000
-190.00000000 -951.00000000 8.00000000
-508.26714801 -400.00000000 8.00000000
-508.26714801 -400.00000000 0.00000000

0 9891 675 -1 4
-508.26714801 -400.00000000 0.00000000
-508.26714801 -400.00000000 8.00000000
-190.00000000 -951.00000000 8.00000000
-190.00000000 -951.00000000 -0.00000000

0 1676 -1 -1 4
848.00000000 -432.00000000 312.00000000
848.00000000 -432.00000000 248.00000000
848.00000000 -440.00000000 248.00000000
848.00000000 -440.00000000 312.00000000

0 1677 -1 -6 4
848.00000000 -440.00000000 312.00000000
848.00000000 -440.00000000 248.00000000
848.00000000 -432.00000000 248.00000000
848.00000000 -432.00000000 312.00000000

0 633 661 -2 4
-900.00000000 -542.00000000 56.00000000
-897.00000000 -544.00000000 56.00000000
-680.73788609 -169.27854916 56.00000000
-683.61490507 -167.06545764 56.00000000

0 632 661 -1 4
-683.61490507 -167.06545764 56.00000000
-680.73788609 -169.27854916 56.00000000
-897.00000000 -544.00000000 56.00000000
-900.00000000 -542.00000000 56.00000000

0 9298 645 -1 4
610.00000000 -331.66666667 165.00000000
600.00000000 -320.00000000 165.00000000
600.00000000 -320.00000000 56.00000000
610.00000000 -331.66666667 56.00000000

0 9299 645 -1 4
600.00000000 -320.00000000 167.00000000
600.00000000 -320.00000000 184.00000000
610.00000000 -331.66666667 184.00000000
610.00000000 -331.66666667 167.00000000

0 9298 645 -1 4
610.00000000 -331.66666667 167.00000000
610.00000000 -331.66666667 184.00000000
600.00000000 -320.00000000 184.00000000
600.00000000 -320.00000000 167.00000000

0 9299 645 -1 4
696.00000000 -432.00000000 184.00000000
696.00000000 -432.00000000 56.00000000
610.00000000 -331.66666667 56.00000000
610.00000000 -331.66666667 184.00000000

0 9298 645 -1 4
610.00000000 -331.66666667 184.00000000
610.00000000 -331.66666667 56.00000000
696.00000000 -432.00000000 56.00000000
696.00000000 -432.00000000 184.00000000

0 9314 647 -1 4
600.00000000 -320.00000000 167.00000000
600.00000000 -320.00000000 165.00000000
608.00000000 -324.00000000 165.00000000
608.00000000 -324.00000000 167.00000000

0 9315 647 -1 4
608.00000000 -324.00000000 167.00000000
608.00000000 -324.00000000 165.00000000
600.00000000 -320.00000000 165.00000000
600.00000000 -320.00000000 167.00000000

0 9314 647 -1 4
600.00000000 -320.00000000 165.00000000
600.00000000 -320.00000000 56.00000000
610.00000000 -325.00000000 62.66666667
610.00000000 -325.00000000 165.00000000

0 9315 647 -1 4
610.00000000 -325.00000000 165.00000000
610.00000000 -325.00000000 62.66666667
600.00000000 -320.00000000 56.00000000
600.00000000 -320.00000000 165.00000000

0 9314 647 -1 4
600.00000000 -320.00000000 184.00000000
600.00000000 -320.00000000 167.00000000
610.00000000 -325.00000000 167.00000000
610.00000000 -325.00000000 177.33333333

0 9315 647 -1 4
610.00000000 -325.00000000 177.33333333
610.00000000 -325.00000000 167.00000000
600.00000000 -320.00000000 167.00000000
600.00000000 -320.00000000 184.00000000

0 9314 647 -1 3
610.00000000 -325.00000000 62.66666667
696.00000000 -368.00000000 120.00000000
610.00000000 -325.00000000 177.33333333

0 9315 647 -1 3
610.00000000 -325.00000000 177.33333333
696.00000000 -368.00000000 120.00000000
610.00000000 -325.00000000 62.66666667

0 2982 644 -1 3
696.00000000 -368.00000000 120.00000000
696.00000000 -432.00000000 56.00000000
696.00000000 -432.00000000 184.00000000

0 2983 644 -1 3
696.00000000 -432.00000000 184.00000000
696.00000000 -432.00000000 56.00000000
696.00000000 -368.00000000 120.00000000

0 9262 641 -1 3
112.00000000 1384.00000000 -208.00000000
176.00000000 1656.00000000 8.00000000
208.00000000 1928.00000000 -208.00000000

0 9263 641 -1 3
208.00000000 1928.00000000 -208.00000000
176.00000000 1656.00000000 8.00000000
112.00000000 1384.00000000 -208.00000000

0 1594 33 -1 4
816.00000000 -432.00000000 248.00000000
848.00000000 -432.00000000 248.00000000
848.00000000 -432.00000000 312.00000000
776.00000000 -432.00000000 312.00000000

0 1595 33 -6 4
776.00000000 -432.00000000 312.00000000
848.00000000 -432.00000000 312.00000000
848.00000000 -432.00000000 248.00000000
816.00000000 -432.00000000 248.00000000

0 633 661 -1 4
-680.73788609 -169.27854916 56.00000000
-680.00000000 -168.00000000 56.00000000
-683.00000000 -166.00000000 56.00000000
-683.61490507 -167.06545764 56.00000000

0 632 661 -2 4
-683.61490507 -167.06545764 56.00000000
-683.00000000 -166.00000000 56.00000000
-680.00000000 -168.00000000 56.00000000
-680.73788609 -169.27854916 56.00000000

0 3088 657 -2 4
-635.00000000 -178.00000000 184.00000000
-632.00000000 -176.00000000 184.00000000
-512.00000000 -384.00000000 184.00000000
-516.15384615 -384.00000000 184.00000000

0 3089 657 -1 4
-516.15384615 -384.00000000 184.00000000
-512.00000000 -384.00000000 184.00000000
-632.00000000 -176.00000000 184.00000000
-635.00000000 -178.00000000 184.00000000

0 946 644 -2 4
-904.00000000 -152.00000000 56.00000000
-904.00000000 -152.00000000 48.00000000
-904.00000000 -360.00000000 48.00000000
-904.00000000 -360.00000000 56.00000000

0 947 644 -1 4
-904.00000000 -360.00000000 56.00000000
-904.00000000 -360.00000000 48.00000000
-904.00000000 -152.00000000 48.00000000
-904.00000000 -152.00000000 56.00000000

0 9317 644 -1 3
362.76363636 -406.25454545 102.54545455
395.73124080 -492.79450711 61.33594899
370.63806228 -397.77439446 57.72179931

0 9316 644 -1 3
370.63806228 -397.77439446 57.72179931
395.73124080 -492.79450711 61.33594899
362.76363636 -406.25454545 102.54545455

0 1595 33 -6 5
776.00000000 -432.00000000 184.00000000
608.00000000 -432.00000000 192.00000000
608.00000000 -432.00000000 312.00000000
776.00000000 -432.00000000 312.00000000
808.00000000 -432.00000000 240.00000000

0 1586 -1 -1 4
776.00000000 -440.00000000 312.00000000
608.00000000 -440.00000000 312.00000000
608.00000000 -432.00000000 312.00000000
776.00000000 -432.00000000 312.00000000

0 1587 -1 -6 4
776.00000000 -432.00000000 312.00000000
608.00000000 -432.00000000 312.00000000
608.00000000 -440.00000000 312.00000000
776.00000000 -440.00000000 312.00000000

0 35 -1 -1 5
608.00000000 -440.00000000 192.00000000
608.00000000 -440.00000000 312.00000000
776.00000000 -440.00000000 312.00000000
808.00000000 -440.00000000 240.00000000
776.00000000 -440.00000000 184.00000000

0 34 -1 -6 5
776.00000000 -440.00000000 184.00000000
808.00000000 -440.00000000 240.00000000
776.00000000 -440.00000000 312.00000000
608.00000000 -440.00000000 312.00000000
608.00000000 -440.00000000 192.00000000

0 1565 -1 -1 4
608.00000000 -432.00000000 192.00000000
608.00000000 -432.00000000 312.00000000
608.00000000 -440.00000000 312.00000000
608.00000000 -440.00000000 192.00000000

0 1564 -1 -6 4
608.00000000 -440.00000000 192.00000000
608.00000000 -440.00000000 312.00000000
608.00000000 -432.00000000 312.00000000
608.00000000 -432.00000000 192.00000000

0 1209 672 -2 4
-192.00000000 -952.00000000 -128.00000000
-190.00000000 -951.00000000 -128.00000000
-508.26714801 -400.00000000 -128.00000000
-512.00000000 -400.00000000 -128.00000000

0 1208 672 -1 4
-512.00000000 -400.00000000 -128.00000000
-508.26714801 -400.00000000 -128.00000000
-190.00000000 -951.00000000 -128.00000000
-192.00000000 -952.00000000 -128.00000000

0 6438 673 -2 4
-508.26714801 -400.00000000 224.00000000
-190.00000000 -951.00000000 224.00000000
-192.00000000 -952.00000000 224.00000000
-512.00000000 -400.00000000 224.00000000

0 6439 673 -1 4
-512.00000000 -400.00000000 224.00000000
-192.00000000 -952.00000000 224.00000000
-190.00000000 -951.00000000 224.00000000
-508.26714801 -400.00000000 224.00000000

0 1586 -1 -1 4
776.00000000 -432.00000000 312.00000000
848.00000000 -432.00000000 312.00000000
848.00000000 -440.00000000 312.00000000
776.00000000 -440.00000000 312.00000000

0 1587 -1 -6 4
776.00000000 -440.00000000 312.00000000
848.00000000 -440.00000000 312.00000000
848.00000000 -432.00000000 312.00000000
776.00000000 -432.00000000 312.00000000

0 1728 663 -2 4
-680.73788609 -169.27854916 216.00000000
-897.00000000 -544.00000000 216.00000000
-900.00000000 -542.00000000 216.00000000
-683.61490507 -167.06545764 216.00000000

0 1676 -1 -1 4
848.00000000 -72.00000000 312.00000000
848.00000000 -72.00000000 248.00000000
848.00000000 -80.00000000 248.00000000
848.00000000 -80.00000000 312.00000000

0 1677 -1 -6 4
848.00000000 -80.00000000 312.00000000
848.00000000 -80.00000000 248.00000000
848.00000000 -72.00000000 248.00000000
848.00000000 -72.00000000 312.00000000

0 1686 -1 -1 4
816.00000000 -72.00000000 248.00000000
848.00000000 -72.00000000 248.00000000
848.00000000 -72.00000000 312.00000000
776.00000000 -72.00000000 312.00000000

0 1687 -1 -6 4
776.00000000 -72.00000000 312.00000000
848.00000000 -72.00000000 312.00000000
848.00000000 -72.00000000 248.00000000
816.00000000 -72.00000000 248.00000000

0 1586 -1 -1 4
776.00000000 -72.00000000 312.00000000
848.00000000 -72.00000000 312.00000000
848.00000000 -80.00000000 312.00000000
776.00000000 -80.00000000 312.00000000

0 1587 -1 -6 4
776.00000000 -80.00000000 312.00000000
848.00000000 -80.00000000 312.00000000
848.00000000 -72.00000000 312.00000000
776.00000000 -72.00000000 312.00000000

0 1063 33 -1 4
848.00000000 -80.00000000 312.00000000
848.00000000 -80.00000000 248.00000000
816.00000000 -80.00000000 248.00000000
776.00000000 -80.00000000 312.00000000

0 1062 33 -6 4
776.00000000 -80.00000000 312.00000000
816.00000000 -80.00000000 248.00000000
848.00000000 -80.00000000 248.00000000
848.00000000 -80.00000000 312.00000000

0 9291 642 -1 3
-328.00000000 -384.00000000 0.00000000
-328.00000000 -384.00000000 -128.00000000
-408.00000000 -288.00000000 -64.00000000

0 9290 642 -1 3
-408.00000000 -288.00000000 -64.00000000
-328.00000000 -384.00000000 -128.00000000
-328.00000000 -384.00000000 0.00000000

0 9270 643 -1 4
-608.00000000 1928.00000000 -204.00000000
-608.00000000 1928.00000000 -208.00000000
-512.00000000 1384.00000000 -208.00000000
-512.00000000 1384.00000000 -204.00000000

0 9271 643 -1 4
-512.00000000 1384.00000000 -204.00000000
-512.00000000 1384.00000000 -208.00000000
-608.00000000 1928.00000000 -208.00000000
-608.00000000 1928.00000000 -204.00000000

0 1575 -1 -1 4
776.00000000 -432.00000000 184.00000000
608.00000000 -432.00000000 192.00000000
608.00000000 -440.00000000 192.00000000
776.00000000 -440.00000000 184.00000000

0 9270 643 -1 4
-608.00000000 1928.00000000 216.00000000
-608.00000000 1928.00000000 -168.00000000
-512.00000000 1384.00000000 -168.00000000
-512.00000000 1384.00000000 216.00000000

0 9254 641 -1 3
208.00000000 1928.00000000 216.00000000
176.00000000 1656.00000000 8.00000000
112.00000000 1384.00000000 216.00000000

0 9255 641 -1 3
112.00000000 1384.00000000 216.00000000
176.00000000 1656.00000000 8.00000000
208.00000000 1928.00000000 216.00000000

0 1729 663 -1 4
-683.61490507 -167.06545764 216.00000000
-900.00000000 -542.00000000 216.00000000
-897.00000000 -544.00000000 216.00000000
-680.73788609 -169.27854916 216.00000000

0 1728 663 -1 4
-683.00000000 -166.00000000 216.00000000
-680.00000000 -168.00000000 216.00000000
-680.73788609 -169.27854916 216.00000000
-683.61490507 -167.06545764 216.00000000

0 1729 663 -2 4
-683.61490507 -167.06545764 216.00000000
-680.73788609 -169.27854916 216.00000000
-680.00000000 -168.00000000 216.00000000
-683.00000000 -166.00000000 216.00000000

0 388 668 -2 4
-1136.00000000 -152.00000000 48.00000000
-904.00000000 -152.00000000 48.00000000
-904.00000000 -152.00000000 56.00000000
-1136.00000000 -152.00000000 56.00000000

0 389 668 -1 4
-1136.00000000 -152.00000000 56.00000000
-904.00000000 -152.00000000 56.00000000
-904.00000000 -152.00000000 48.00000000
-1136.00000000 -152.00000000 48.00000000

0 9317 644 -1 5
304.40000000 -154.30000000 57.00000000
336.00000000 -336.00000000 136.00000000
362.76363636 -406.25454545 102.54545455
370.63806228 -397.77439446 57.72179931
368.25200000 -388.42400000 57.00000000

0 9316 644 -1 5
368.25200000 -388.42400000 57.00000000
370.63806228 -397.77439446 57.72179931
362.76363636 -406.25454545 102.54545455
336.00000000 -336.00000000 136.00000000
304.40000000 -154.30000000 57.00000000

0 1686 -1 -1 5
808.00000000 -72.00000000 240.00000000
776.00000000 -72.00000000 312.00000000
608.00000000 -72.00000000 312.00000000
608.00000000 -72.00000000 192.00000000
776.00000000 -72.00000000 184.00000000

0 1687 -1 -6 5
776.00000000 -72.00000000 184.00000000
608.00000000 -72.00000000 192.00000000
608.00000000 -72.00000000 312.00000000
776.00000000 -72.00000000 312.00000000
808.00000000 -72.00000000 240.00000000

0 1586 -1 -1 4
776.00000000 -80.00000000 312.00000000
608.00000000 -80.00000000 312.00000000
608.00000000 -72.00000000 312.00000000
776.00000000 -72.00000000 312.00000000

0 1587 -1 -6 4
776.00000000 -72.00000000 312.00000000
608.00000000 -72.00000000 312.00000000
608.00000000 -80.00000000 312.00000000
776.00000000 -80.00000000 312.00000000

0 1063 33 -1 5
608.00000000 -80.00000000 192.00000000
608.00000000 -80.00000000 312.00000000
776.00000000 -80.00000000 312.00000000
808.00000000 -80.00000000 240.00000000
776.00000000 -80.00000000 184.00000000

0 1062 33 -6 5
776.00000000 -80.00000000 184.00000000
808.00000000 -80.00000000 240.00000000
776.00000000 -80.00000000 312.00000000
608.00000000 -80.00000000 312.00000000
608.00000000 -80.00000000 192.00000000

0 1565 -1 -1 4
608.00000000 -72.00000000 192.00000000
608.00000000 -72.00000000 312.00000000
608.00000000 -80.00000000 312.00000000
608.00000000 -80.00000000 192.00000000

0 1564 -1 -6 4
608.00000000 -80.00000000 192.00000000
608.00000000 -80.00000000 312.00000000
608.00000000 -72.00000000 312.00000000
608.00000000 -72.00000000 192.00000000

0 1575 -1 -1 4
776.00000000 -72.00000000 184.00000000
608.00000000 -72.00000000 192.00000000
608.00000000 -80.00000000 192.00000000
776.00000000 -80.00000000 184.00000000

0 1574 -1 -6 4
776.00000000 -80.00000000 184.00000000
608.00000000 -80.00000000 192.00000000
608.00000000 -72.00000000 192.00000000
776.00000000 -72.00000000 184.00000000

0 275 656 -2 4
-512.00000000 -384.00000000 8.00000000
-632.00000000 -176.00000000 8.00000000
-635.00000000 -178.00000000 8.00000000
-516.15384615 -384.00000000 8.00000000

0 274 656 -1 4
-516.15384615 -384.00000000 8.00000000
-635.00000000 -178.00000000 8.00000000
-632.00000000 -176.00000000 8.00000000
-512.00000000 -384.00000000 8.00000000

0 9834 662 -1 4
-632.00000000 -176.00000000 8.00000000
-512.00000000 -384.00000000 8.00000000
-512.00000000 -384.00000000 184.00000000
-632.00000000 -176.00000000 184.00000000

0 9835 662 -1 4
-632.00000000 -176.00000000 184.00000000
-512.00000000 -384.00000000 184.00000000
-512.00000000 -384.00000000 8.00000000
-632.00000000 -176.00000000 8.00000000

0 9808 655 -1 4
-635.00000000 -178.00000000 8.00000000
-632.00000000 -176.00000000 8.00000000
-632.00000000 -176.00000000 184.00000000
-635.00000000 -178.00000000 184.00000000

0 9809 655 -1 4
-635.00000000 -178.00000000 184.00000000
-632.00000000 -176.00000000 184.00000000
-632.00000000 -176.00000000 8.00000000
-635.00000000 -178.00000000 8.00000000

0 632 667 -1 5
-1136.00000000 -152.00000000 56.00000000
-904.00000000 -152.00000000 56.00000000
-904.00000000 -360.00000000 56.00000000
-928.00000000 -384.00000000 56.00000000
-1136.00000000 -384.00000000 56.00000000

0 633 667 -1 5
-1136.00000000 -384.00000000 56.00000000
-928.00000000 -384.00000000 56.00000000
-904.00000000 -360.00000000 56.00000000
-904.00000000 -152.00000000 56.00000000
-1136.00000000 -152.00000000 56.00000000

0 479 666 -1 5
-1136.00000000 -384.00000000 48.00000000
-928.00000000 -384.00000000 48.00000000
-904.00000000 -360.00000000 48.00000000
-904.00000000 -152.00000000 48.00000000
-1136.00000000 -152.00000000 48.00000000

0 478 666 -1 5
-1136.00000000 -152.00000000 48.00000000
-904.00000000 -152.00000000 48.00000000
-904.00000000 -360.00000000 48.00000000
-928.00000000 -384.00000000 48.00000000
-1136.00000000 -384.00000000 48.00000000

0 145 647 -2 4
-928.00000000 -384.00000000 48.00000000
-1136.00000000 -384.00000000 48.00000000
-1136.00000000 -384.00000000 56.00000000
-928.00000000 -384.00000000 56.00000000

0 144 647 -1 4
-928.00000000 -384.00000000 56.00000000
-1136.00000000 -384.00000000 56.00000000
-1136.00000000 -384.00000000 48.00000000
-928.00000000 -384.00000000 48.00000000

0 6543 664 -2 4
-1136.00000000 -384.00000000 48.00000000
-1136.00000000 -152.00000000 48.00000000
-1136.00000000 -152.00000000 56.00000000
-1136.00000000 -384.00000000 56.00000000

0 6542 664 -1 4
-1136.00000000 -384.00000000 56.00000000
-1136.00000000 -152.00000000 56.00000000
-1136.00000000 -152.00000000 48.00000000
-1136.00000000 -384.00000000 48.00000000

0 35 -1 -1 4
848.00000000 -440.00000000 312.00000000
848.00000000 -440.00000000 248.00000000
816.00000000 -440.00000000 248.00000000
776.00000000 -440.00000000 312.00000000

0 34 -1 -6 4
776.00000000 -440.00000000 312.00000000
816.00000000 -440.00000000 248.00000000
848.00000000 -440.00000000 248.00000000
848.00000000 -440.00000000 312.00000000

0 438 -1 -1 4
1320.00000000 1008.00000000 272.00000000
1320.00000000 1008.00000000 160.00000000
1320.00000000 1000.00000000 160.00000000
1320.00000000 1000.00000000 272.00000000

0 439 -1 -6 4
1320.00000000 1000.00000000 272.00000000
1320.00000000 1000.00000000 160.00000000
1320.00000000 1008.00000000 160.00000000
1320.00000000 1008.00000000 272.00000000

0 3078 -1 -1 4
1024.00000000 1008.00000000 160.00000000
1320.00000000 1008.00000000 160.00000000
1320.00000000 1008.00000000 272.00000000
1024.00000000 1008.00000000 272.00000000

0 3079 -1 -6 4
1024.00000000 1008.00000000 272.00000000
1320.00000000 1008.00000000 272.00000000
1320.00000000 1008.00000000 160.00000000
1024.00000000 1008.00000000 160.00000000

0 5246 -1 -1 4
1024.00000000 1008.00000000 272.00000000
1320.00000000 1008.00000000 272.00000000
1320.00000000 1000.00000000 272.00000000
1024.00000000 1000.00000000 272.00000000

0 5247 -1 -6 4
1024.00000000 1000.00000000 272.00000000
1320.00000000 1000.00000000 272.00000000
1320.00000000 1008.00000000 272.00000000
1024.00000000 1008.00000000 272.00000000

0 2703 245 -1 3
1024.00000000 1000.00000000 180.00000000
1024.00000000 1000.00000000 264.00000000
1048.00000000 1000.00000000 240.00000000

0 2702 245 -6 3
1048.00000000 1000.00000000 240.00000000
1024.00000000 1000.00000000 264.00000000
1024.00000000 1000.00000000 180.00000000

0 2703 245 -1 5
1024.00000000 1000.00000000 264.00000000
1024.00000000 1000.00000000 272.00000000
1073.77777778 1000.00000000 272.00000000
1064.00000000 1000.00000000 250.00000000
1048.00000000 1000.00000000 240.00000000

0 2702 245 -6 5
1048.00000000 1000.00000000 240.00000000
1064.00000000 1000.00000000 250.00000000
1073.77777778 1000.00000000 272.00000000
1024.00000000 1000.00000000 272.00000000
1024.00000000 1000.00000000 264.00000000

0 2703 245 -1 3
1320.00000000 1000.00000000 272.00000000
1320.00000000 1000.00000000 180.00000000
1283.20000000 1000.00000000 272.00000000

0 2702 245 -6 3
1283.20000000 1000.00000000 272.00000000
1320.00000000 1000.00000000 180.00000000
1320.00000000 1000.00000000 272.00000000

0 9271 643 -1 4
-512.00000000 1384.00000000 216.00000000
-512.00000000 1384.00000000 -168.00000000
-608.00000000 1928.00000000 -168.00000000
-608.00000000 1928.00000000 216.00000000

0 9265 640 -1 3
-512.00000000 1384.00000000 216.00000000
-512.00000000 1384.00000000 -208.00000000
-576.00000000 1656.00000000 -0.00000000

0 9264 640 -1 3
-576.00000000 1656.00000000 -0.00000000
-512.00000000 1384.00000000 -208.00000000
-512.00000000 1384.00000000 216.00000000

0 1594 33 -1 3
808.00000000 -432.00000000 240.00000000
816.00000000 -432.00000000 248.00000000
776.00000000 -432.00000000 312.00000000

0 1595 33 -6 3
776.00000000 -432.00000000 312.00000000
816.00000000 -432.00000000 248.00000000
808.00000000 -432.00000000 240.00000000

0 9325 644 -1 3
304.00000000 -152.00000000 216.00000000
400.00000000 -504.00000000 216.00000000
336.00000000 -336.00000000 136.00000000

0 9324 644 -1 3
336.00000000 -336.00000000 136.00000000
400.00000000 -504.00000000 216.00000000
304.00000000 -152.00000000 216.00000000

0 9269 642 -1 3
-408.00000000 -288.00000000 -64.00000000
-472.00000000 -176.00000000 -128.00000000
-472.00000000 -176.00000000 0.00000000

0 9268 642 -1 3
-472.00000000 -176.00000000 0.00000000
-472.00000000 -176.00000000 -128.00000000
-408.00000000 -288.00000000 -64.00000000

0 2823 396 -1 4
960.00000000 1456.00000000 -72.00000000
960.00000000 1672.00000000 -72.00000000
960.00000000 1672.00000000 72.00000000
960.00000000 1456.00000000 72.00000000

0 2822 396 -6 4
960.00000000 1456.00000000 72.00000000
960.00000000 1672.00000000 72.00000000
960.00000000 1672.00000000 -72.00000000
960.00000000 1456.00000000 -72.00000000

0 3325 -1 -1 4
1024.00000000 544.00000000 160.00000000
1024.00000000 552.00000000 160.00000000
1024.00000000 552.00000000 272.00000000
1024.00000000 544.00000000 272.00000000

0 3324 -1 -6 4
1024.00000000 544.00000000 272.00000000
1024.00000000 552.00000000 272.00000000
1024.00000000 552.00000000 160.00000000
1024.00000000 544.00000000 160.00000000

0 1574 -1 -6 4
776.00000000 -440.00000000 184.00000000
608.00000000 -440.00000000 192.00000000
608.00000000 -432.00000000 192.00000000
776.00000000 -432.00000000 184.00000000

0 1686 -1 -1 3
808.00000000 -72.00000000 240.00000000
816.00000000 -72.00000000 248.00000000
776.00000000 -72.00000000 312.00000000

0 1687 -1 -6 3
776.00000000 -72.00000000 312.00000000
816.00000000 -72.00000000 248.00000000
808.00000000 -72.00000000 240.00000000

0 1063 34 -1 3
776.00000000 -80.00000000 312.00000000
816.00000000 -80.00000000 248.00000000
808.00000000 -80.00000000 240.00000000

0 1062 34 -6 3
808.00000000 -80.00000000 240.00000000
816.00000000 -80.00000000 248.00000000
776.00000000 -80.00000000 312.00000000

0 9801 654 -1 4
-516.15384615 -384.00000000 8.00000000
-635.00000000 -178.00000000 8.00000000
-635.00000000 -178.00000000 184.00000000
-516.15384615 -384.00000000 184.00000000

0 9800 654 -1 4
-516.15384615 -384.00000000 184.00000000
-635.00000000 -178.00000000 184.00000000
-635.00000000 -178.00000000 8.00000000
-516.15384615 -384.00000000 8.00000000

0 35 -1 -1 3
776.00000000 -440.00000000 312.00000000
816.00000000 -440.00000000 248.00000000
808.00000000 -440.00000000 240.00000000

0 34 -1 -6 3
808.00000000 -440.00000000 240.00000000
816.00000000 -440.00000000 248.00000000
776.00000000 -440.00000000 312.00000000

0 9301 644 -1 3
336.00000000 -336.00000000 136.00000000
304.00000000 -152.00000000 56.00000000
304.00000000 -152.00000000 216.00000000

0 9300 644 -1 3
304.00000000 -152.00000000 216.00000000
304.00000000 -152.00000000 56.00000000
336.00000000 -336.00000000 136.00000000

0 9283 642 -1 3
-472.00000000 -176.00000000 -0.00000000
-328.00000000 -384.00000000 -0.00000000
-408.00000000 -288.00000000 -64.00000000

0 9282 642 -1 3
-408.00000000 -288.00000000 -64.00000000
-328.00000000 -384.00000000 -0.00000000
-472.00000000 -176.00000000 -0.00000000

0 2445 -1 -1 4
968.00000000 1456.00000000 72.00000000
968.00000000 1456.00000000 -72.00000000
960.00000000 1456.00000000 -72.00000000
960.00000000 1456.00000000 72.00000000

0 2444 -1 -6 4
960.00000000 1456.00000000 72.00000000
960.00000000 1456.00000000 -72.00000000
968.00000000 1456.00000000 -72.00000000
968.00000000 1456.00000000 72.00000000

0 1205 -1 -1 4
1320.00000000 544.00000000 272.00000000
1320.00000000 544.00000000 160.00000000
1024.00000000 544.00000000 160.00000000
1024.00000000 544.00000000 272.00000000

0 1204 -1 -6 4
1024.00000000 544.00000000 272.00000000
1024.00000000 544.00000000 160.00000000
1320.00000000 544.00000000 160.00000000
1320.00000000 544.00000000 272.00000000

0 2703 245 -1 3
1064.00000000 1000.00000000 250.00000000
1073.77777778 1000.00000000 272.00000000
1099.20000000 1000.00000000 272.00000000

0 7109 -1 -1 4
-1952.00000000 1544.00000000 168.00000000
-1952.00000000 1920.00000000 168.00000000
-1952.00000000 1920.00000000 176.00000000
-1952.00000000 1544.00000000 176.00000000

0 3063 -1 -1 4
712.00000000 1672.00000000 -72.00000000
712.00000000 1680.00000000 -72.00000000
712.00000000 1680.00000000 72.00000000
712.00000000 1672.00000000 72.00000000

0 3062 -1 -6 4
712.00000000 1672.00000000 72.00000000
712.00000000 1680.00000000 72.00000000
712.00000000 1680.00000000 -72.00000000
712.00000000 1672.00000000 -72.00000000

0 3063 -1 -1 4
712.00000000 1456.00000000 72.00000000
712.00000000 1672.00000000 72.00000000
712.00000000 1672.00000000 80.00000000
712.00000000 1456.00000000 80.00000000

0 3062 -1 -6 4
712.00000000 1456.00000000 80.00000000
712.00000000 1672.00000000 80.00000000
712.00000000 1672.00000000 72.00000000
712.00000000 1456.00000000 72.00000000

0 9335 644 -1 4
400.00000000 -504.00000000 216.00000000
400.00000000 -504.00000000 61.66666667
395.73124080 -492.79450711 61.33594899
336.00000000 -336.00000000 136.00000000

0 9334 644 -1 4
336.00000000 -336.00000000 136.00000000
395.73124080 -492.79450711 61.33594899
400.00000000 -504.00000000 61.66666667
400.00000000 -504.00000000 216.00000000

0 9245 640 -1 3
-576.00000000 1656.00000000 0.00000000
-608.00000000 1928.00000000 -208.00000000
-608.00000000 1928.00000000 216.00000000

0 9244 640 -1 3
-608.00000000 1928.00000000 216.00000000
-608.00000000 1928.00000000 -208.00000000
-576.00000000 1656.00000000 0.00000000

0 2702 245 -6 3
1099.20000000 1000.00000000 272.00000000
1073.77777778 1000.00000000 272.00000000
1064.00000000 1000.00000000 250.00000000

0 2703 245 -1 6
1216.00000000 1000.00000000 160.00000000
1024.00000000 1000.00000000 160.00000000
1056.00000000 1000.00000000 232.00000000
1120.00000000 1000.00000000 272.00000000
1224.00000000 1000.00000000 272.00000000
1288.00000000 1000.00000000 232.00000000

0 2702 245 -6 6
1288.00000000 1000.00000000 232.00000000
1224.00000000 1000.00000000 272.00000000
1120.00000000 1000.00000000 272.00000000
1056.00000000 1000.00000000 232.00000000
1024.00000000 1000.00000000 160.00000000
1216.00000000 1000.00000000 160.00000000

0 2445 -1 -1 4
960.00000000 1456.00000000 80.00000000
960.00000000 1456.00000000 72.00000000
712.00000000 1456.00000000 72.00000000
712.00000000 1456.00000000 80.00000000

0 2444 -1 -6 4
712.00000000 1456.00000000 80.00000000
712.00000000 1456.00000000 72.00000000
960.00000000 1456.00000000 72.00000000
960.00000000 1456.00000000 80.00000000

0 6 -1 -1 4
960.00000000 1672.00000000 72.00000000
968.00000000 1672.00000000 72.00000000
968.00000000 1456.00000000 72.00000000
960.00000000 1456.00000000 72.00000000

0 7 -1 -6 4
960.00000000 1456.00000000 72.00000000
968.00000000 1456.00000000 72.00000000
968.00000000 1672.00000000 72.00000000
960.00000000 1672.00000000 72.00000000

0 1872 -1 -1 4
-1160.00000000 992.00000000 224.00000000
-1160.00000000 992.00000000 216.00000000
-1160.00000000 -8.00000000 216.00000000
-1160.00000000 -8.00000000 224.00000000

0 1873 -1 -6 4
-1160.00000000 -8.00000000 224.00000000
-1160.00000000 -8.00000000 216.00000000
-1160.00000000 992.00000000 216.00000000
-1160.00000000 992.00000000 224.00000000

0 6418 397 -1 4
-1752.00000000 -448.00000000 -208.00000000
-1352.00000000 -448.00000000 -208.00000000
-1352.00000000 -448.00000000 216.00000000
-1752.00000000 -448.00000000 216.00000000

0 6419 397 -6 4
-1752.00000000 -448.00000000 216.00000000
-1352.00000000 -448.00000000 216.00000000
-1352.00000000 -448.00000000 -208.00000000
-1752.00000000 -448.00000000 -208.00000000

0 1728 -1 -1 4
-1752.00000000 -448.00000000 216.00000000
-1352.00000000 -448.00000000 216.00000000
-1352.00000000 -456.00000000 216.00000000
-1752.00000000 -456.00000000 216.00000000

0 1729 -1 -6 4
-1752.00000000 -456.00000000 216.00000000
-1352.00000000 -456.00000000 216.00000000
-1352.00000000 -448.00000000 216.00000000
-1752.00000000 -448.00000000 216.00000000

0 1037 -1 -1 4
-1752.00000000 -456.00000000 -208.00000000
-1352.00000000 -456.00000000 -208.00000000
-1352.00000000 -448.00000000 -208.00000000
-1752.00000000 -448.00000000 -208.00000000

0 1036 -1 -6 4
-1752.00000000 -448.00000000 -208.00000000
-1352.00000000 -448.00000000 -208.00000000
-1352.00000000 -456.00000000 -208.00000000
-1752.00000000 -456.00000000 -208.00000000

0 141 -1 -1 4
-1352.00000000 -456.00000000 216.00000000
-1352.00000000 -456.00000000 -208.00000000
-1752.00000000 -456.00000000 -208.00000000
-1752.00000000 -456.00000000 216.00000000

0 140 -1 -6 4
-1752.00000000 -456.00000000 216.00000000
-1752.00000000 -456.00000000 -208.00000000
-1352.00000000 -456.00000000 -208.00000000
-1352.00000000 -456.00000000 216.00000000

0 1795 -1 -1 4
-1752.00000000 -456.00000000 -208.00000000
-1752.00000000 -448.00000000 -208.00000000
-1752.00000000 -448.00000000 216.00000000
-1752.00000000 -456.00000000 216.00000000

0 1794 -1 -6 4
-1752.00000000 -456.00000000 216.00000000
-1752.00000000 -448.00000000 216.00000000
-1752.00000000 -448.00000000 -208.00000000
-1752.00000000 -456.00000000 -208.00000000

0 9257 640 -1 4
-607.38461538 1922.76923077 -204.00000000
